function w_cof = get_weighting_cof
% y = a/(1+b*x^c)
w_cof.a = [1.178 1.012 1.035];
w_cof.b = [0.02005 0.001425 0.001989];
w_cof.c = [1.348 1.613 1.341];